1.172184	2.750058	0.965297	1.418293	-1.056420	0.023877	-0.028914
1.065763	-3.119259	1.090939	2.395584	-0.909105	0.946156	0.005051
1.079296	-2.542054	0.967223	1.372597	-1.262388	0.379649	-0.033902
1.356610	3.017133	0.904439	1.407869	-1.134059	0.196257	0.027742
1.386276	-3.089445	0.820318	1.433322	-1.182472	0.280903	-0.009689
1.282960	-3.130545	0.915325	1.376560	-1.104529	0.200903	0.003940
1.345765	-2.862460	0.774314	2.550667	-1.176241	0.908819	-0.010179
1.451448	3.093124	0.734359	1.403103	-1.130550	0.228765	0.033976
1.423118	3.030584	0.847240	1.401302	-1.113630	0.229225	0.041387
1.045363	-2.772285	1.111389	1.476113	-1.208265	0.427508	-0.049077
1.365618	3.060187	0.825243	1.434401	-1.155149	0.186060	0.003848
1.279979	2.933586	0.961580	1.380880	-1.109284	0.187754	-0.012642
